4089612623695553468325127387495231857711172988223531707357402576671350536291
25458849761587159487
1036438413755303498137148548352673762984789915804451114055575085
5325
756211968087321745767470175712403378652737844537
8867545960235514651648164379275035255274733255805279330645014618626493929542
286719801720941657057279841130966586276078902252
6129875289164511725924583381221311352504866280479528
908165914983169435621065
46977459400555871180709893631927582053245640776622945060957345988299
12159107511855196557152840072684465110255828167957234077938252576230307439323935147232199996
2161586746128179495635353707868547709706367369565085702880753505
65705304713878623172531511878969912442942554
598085926138233155353522566131963349839084148411965578873013593983939072343275966156399113562561
778063773127223240181447788637096018
9753838458765971183926903771124311692155
53766134915888404179665921221641834243642988307417608360803457124643829354677245
5706555976798070940559309931515594334602359484131847279953304811701557668801478634609944
190788868768912012522660876385893136832347123626896891563013327081557919
557840572303
345229721038584049308446235268991650844293684990507266152418
9311
566721753788505460833694
7629500623194636788964419657232942803681911579994774169464787858848470115832995379345896
19997670259797096157757347687373735739125029
396517074289477696942627
31782236598091434740112148318480
1007677563133853416494645206195656103598445295772468107549178840809655956907
1449
56277222651277362750
1618462735036116207768191993255894216846460266597543
62539684668635516426
60638245
860471857837845565194448
30663340730440014053616731845352251010344791
32194534739510926271278316542107957182566926
2058102892867987876774541224286799002020
245398625196762717213306178899563600281842763377850442305558722037491665
25281829395635524959570484474874255251256722918875858991486068868054950115294494666248331184
869142887345873150289124
4182739936608268
2595511558806809806713344541499595009287
867691154768255497311894499132687326679441588532379793185783
51302609786148162395770194414625549317094450574379685924550160904273
573624012988687240815566667459156124123989091389900018825623287629982479171936939687627875858692
354125749251714910489827238979733390712180919789151547513689736353506674659848956003
3281912753934552260421818006966560438762373251187092168061464478
30337255
18717796682914738805764851614948
4153910082101024765737603518463110237792459185425954133451765307490577968794812562412970
695370612757656372217249
5585
45207966885390996846662078486296359436508875341867146460157353473187
21904072
750558834404267131821198701283382544
1371
27068764762486606601919378181432113254881236170268989990
3359
66283181
4374
43746090816768351699553772562946460671667805
9965525136096641440478765659711175616978770615715188
548993066753
7322405215688560530612844109609894458533474720501187475181388360
60185298355158335541727380022858
943862525761103499528577681569775792585220031233772061498982583590047619
267310996529877895511548
6274571796001367830059143403298177722205917262413891738311445146
5501670887164197288232625092442624664542732084693158990328669536183554976193
28648360342083714290875935287986279034055289725991413088711636228127649477714441810622571067
3417910764803548675937077718946723379130
449837432198139023622890856842969876113728725822356433547373
1535710621996739698956668498201160841376
91546209773723204245214694167608278643116404451954574954
1472648318612005
9319290813244196624121721613509465813785479838727451
1534395919705063
7964587468912014269651116027579770622208741162241815404866042008649187421084410635649969
2666
65841975162848687658862339161517
4033410522296725555737655828814020096329125219784293519660326541277020701571181841467171
21854961446747927987
8625
19065404594576618774295910196003931198014968833075757764655558555943
536342193234969056037887644235781839
8286695472867761566044869905
4429702252228344782578567467207816403045993118036646
76089215462755351237
83356330666230632810749979413278938821815835
637569458427635034084569158545709391
70153807534079685403256747265585989231494215102179781460878041161681587094813388
54824902429132056888359143426222582112963727393569335875100030612538
3521570220769569814452938566
99787518537541741134305814289170687693845092936272203559715157999247
9505
57845200179289028651585599021924498499537389720368353196526278319391586127234064
65548360326752712008332153113210694949165047498683403786
27461866
101897957405200031392545104342953359313816656109684840225562464370346017235066778115415789192245
848587441773247767883150713477504639617136087657114635124190115348809722